[gd_scene load_steps=16 format=3 uid="uid://b82b3ubd8arb0"]

[ext_resource type="Script" path="res://IzzoStuff/IntroScene/IntroScene.cs" id="1_1ultp"]
[ext_resource type="Shader" path="res://Abby/Shaders/PS1.gdshader" id="1_gobki"]
[ext_resource type="Script" path="res://IzzoStuff/IntroScene/Intro.cs" id="2_jj3r1"]

[sub_resource type="ProceduralSkyMaterial" id="ProceduralSkyMaterial_46gea"]
sky_top_color = Color(0.67451, 0.360784, 0.227451, 1)
sky_horizon_color = Color(0.941176, 0.454902, 0.101961, 1)
sky_cover_modulate = Color(1, 1, 0.690196, 1)
ground_bottom_color = Color(0.290196, 0.109804, 0.0823529, 1)
ground_horizon_color = Color(0.878431, 0.576471, 0.305882, 1)

[sub_resource type="Sky" id="Sky_vart4"]
sky_material = SubResource("ProceduralSkyMaterial_46gea")

[sub_resource type="Environment" id="Environment_wxy15"]
background_mode = 2
background_color = Color(0.388235, 0.168627, 0.137255, 1)
background_energy_multiplier = 1.28
sky = SubResource("Sky_vart4")
sky_custom_fov = 128.2
sky_rotation = Vector3(0.139626, 0, 0)
ambient_light_source = 2
ambient_light_color = Color(1, 1, 1, 1)
ambient_light_energy = 0.65

[sub_resource type="QuadMesh" id="QuadMesh_iidmb"]
flip_faces = true
size = Vector2(2, 2)

[sub_resource type="ShaderMaterial" id="ShaderMaterial_ft1f1"]
render_priority = 0
shader = ExtResource("1_gobki")

[sub_resource type="StandardMaterial3D" id="StandardMaterial3D_ajdo6"]
albedo_color = Color(0.654902, 0.415686, 1, 1)

[sub_resource type="PlaneMesh" id="PlaneMesh_va30y"]

[sub_resource type="StandardMaterial3D" id="StandardMaterial3D_meskw"]
albedo_color = Color(1, 0.321569, 1, 1)

[sub_resource type="Animation" id="Animation_i3vcl"]
resource_name = "IntroAnim"
length = 5.0
tracks/0/type = "position_3d"
tracks/0/imported = false
tracks/0/enabled = true
tracks/0/path = NodePath("IntroPane")
tracks/0/interp = 1
tracks/0/loop_wrap = true
tracks/0/keys = PackedFloat32Array(0, 1, 18.348, 4.199, 9.336, 1, 1, 8.164, 4.199, 8.113, 2.4, 1, 8.164, 4.199, 8.113, 2.7, 1, 11.647, 4.199, 8.402)
tracks/1/type = "position_3d"
tracks/1/imported = false
tracks/1/enabled = true
tracks/1/path = NodePath("Character")
tracks/1/interp = 1
tracks/1/loop_wrap = true
tracks/1/keys = PackedFloat32Array(0.3, 1, -49.504, 0, 24.897, 1, 1, -7.008, 0, 1.778, 2.4, 1, -7.008, 0, 1.778, 2.7, 1, -1.139, 0, 12.956)

[sub_resource type="Animation" id="Animation_su0pj"]
resource_name = "IntroAnim_B"
length = 5.0
tracks/0/type = "position_3d"
tracks/0/imported = false
tracks/0/enabled = true
tracks/0/path = NodePath("IntroPane")
tracks/0/interp = 1
tracks/0/loop_wrap = true
tracks/0/keys = PackedFloat32Array(4, 1, 3.816, 4.199, 57.543, 5, 1, 2.934, 4.199, 3.067)
tracks/1/type = "position_3d"
tracks/1/imported = false
tracks/1/enabled = true
tracks/1/path = NodePath("Character")
tracks/1/interp = 1
tracks/1/loop_wrap = true
tracks/1/keys = PackedFloat32Array(4.3, 1, 6.079, 0, -58.977, 5, 1, -2.406, 0, -8.639)

[sub_resource type="Animation" id="Animation_dcex5"]
length = 0.001
tracks/0/type = "position_3d"
tracks/0/imported = false
tracks/0/enabled = true
tracks/0/path = NodePath("Character")
tracks/0/interp = 1
tracks/0/loop_wrap = true
tracks/0/keys = PackedFloat32Array(0, 1, 0, 0, 0)

[sub_resource type="AnimationLibrary" id="AnimationLibrary_jbbnl"]
_data = {
"IntroAnim": SubResource("Animation_i3vcl"),
"IntroAnim_B": SubResource("Animation_su0pj"),
"RESET": SubResource("Animation_dcex5")
}

[node name="IntroScene" type="Node3D"]
script = ExtResource("1_1ultp")

[node name="WorldEnvironment" type="WorldEnvironment" parent="."]
environment = SubResource("Environment_wxy15")

[node name="DirectionalLight3D" type="DirectionalLight3D" parent="."]
transform = Transform3D(-0.866023, -0.433016, 0.250001, 0, 0.499998, 0.866027, -0.500003, 0.749999, -0.43301, 0, 0, 0)
shadow_enabled = true

[node name="Camera3D" type="Camera3D" parent="."]

[node name="PS1PostProcess" type="MeshInstance3D" parent="Camera3D"]
transform = Transform3D(1, 0, 0, 0, 1, 0, 0, 0, 1, -2.98023e-08, 0, -0.306047)
visible = false
extra_cull_margin = 16384.0
mesh = SubResource("QuadMesh_iidmb")
skeleton = NodePath("../..")
surface_material_override/0 = SubResource("ShaderMaterial_ft1f1")

[node name="IntroA" type="Node3D" parent="."]
transform = Transform3D(0.565313, 0, -0.824877, 0, 1, 0, 0.824877, 0, 0.565313, 0, -4.14, -5.88691)
script = ExtResource("2_jj3r1")

[node name="IntroPane" type="Node3D" parent="IntroA"]
transform = Transform3D(0.565312, 0, 0.824875, 0, 1, 0, -0.824875, 0, 0.565312, 11.647, 4.199, 8.402)

[node name="MeshInstance3D" type="MeshInstance3D" parent="IntroA/IntroPane"]
transform = Transform3D(0.355655, -0.625027, -0.694875, -0.577465, 0.437637, -0.689209, 0.734876, 0.646387, -0.205283, 3.09199, 0.0166775, -7.14986)
material_override = SubResource("StandardMaterial3D_ajdo6")
mesh = SubResource("PlaneMesh_va30y")
skeleton = NodePath("../Title")

[node name="MeshInstance3D2" type="MeshInstance3D" parent="IntroA/IntroPane"]
transform = Transform3D(0.553905, -0.72462, -0.410019, -0.228939, 0.340923, -0.911789, 0.800485, 0.598914, 0.022945, 3.10158, 0.0734695, -6.7622)
material_override = SubResource("StandardMaterial3D_meskw")
mesh = SubResource("PlaneMesh_va30y")
skeleton = NodePath("../Title")

[node name="Title" type="Label3D" parent="IntroA/IntroPane"]
transform = Transform3D(0.54951, -0.0539162, -0.833747, 0.103208, 0.994653, 0.00370126, 0.82909, -0.0880832, 0.552136, 2.50926, 0.0381017, -7.071)
sorting_offset = 100.0
text = "Slon is here!"
outline_size = 16
uppercase = true

[node name="Subtitle" type="Label3D" parent="IntroA/IntroPane"]
transform = Transform3D(0.54951, -0.0539162, -0.833747, 0.103208, 0.994653, 0.00370126, 0.82909, -0.0880832, 0.552136, 2.51923, -0.14587, -7.05471)
sorting_offset = 100.0
modulate = Color(0.0862745, 0.0862745, 0.0862745, 1)
text = "And they're queer"
font_size = 28
outline_size = 16

[node name="Character" type="Node3D" parent="IntroA"]
transform = Transform3D(-0.236838, 0, 0.971547, 0, 1, 0, -0.971547, 0, -0.236838, 0, 0, 0)

[node name="AnimationPlayer" type="AnimationPlayer" parent="IntroA"]
libraries = {
"": SubResource("AnimationLibrary_jbbnl")
}
autoplay = "IntroAnim"

[node name="IntroB" type="Node3D" parent="."]
transform = Transform3D(0.565313, 0, -0.824877, 0, 1, 0, 0.824877, 0, 0.565313, 0, -4.14, -5.88691)
script = ExtResource("2_jj3r1")

[node name="IntroPane" type="Node3D" parent="IntroB"]
transform = Transform3D(0.565312, 0, 0.824875, 0, 1, 0, -0.824875, 0, 0.565312, 2.934, 4.199, 3.067)

[node name="MeshInstance3D" type="MeshInstance3D" parent="IntroB/IntroPane"]
transform = Transform3D(0.702607, 0.664775, -0.253808, -0.620833, 0.398388, -0.67517, -0.347721, 0.631951, 0.692624, -0.483146, 0.016823, 0.00290549)
material_override = SubResource("StandardMaterial3D_ajdo6")
mesh = SubResource("PlaneMesh_va30y")
skeleton = NodePath("../Title")

[node name="MeshInstance3D2" type="MeshInstance3D" parent="IntroB/IntroPane"]
transform = Transform3D(0.744235, 0.641338, -0.186549, -0.400187, 0.204551, -0.893314, -0.534757, 0.73949, 0.40889, -0.476606, 0.073324, -0.402835)
material_override = SubResource("StandardMaterial3D_meskw")
mesh = SubResource("PlaneMesh_va30y")
skeleton = NodePath("../Title")

[node name="Title" type="Label3D" parent="IntroB/IntroPane"]
transform = Transform3D(0.696788, -0.0263244, 0.716795, 0.0163362, 0.999649, 0.0208321, -0.717093, -0.00280583, 0.696974, 0.204144, 0.092854, -0.460995)
sorting_offset = 100.0
text = "Slon is here!"
outline_size = 16
uppercase = true

[node name="Subtitle" type="Label3D" parent="IntroB/IntroPane"]
transform = Transform3D(0.574546, -0.242332, 0.781776, 0.0299753, 0.960753, 0.275782, -0.817925, -0.135015, 0.55926, 0.209042, -0.0920416, -0.460995)
sorting_offset = 100.0
modulate = Color(0.0862745, 0.0862745, 0.0862745, 1)
text = "And they're queer"
font_size = 28
outline_size = 16

[node name="Character" type="Node3D" parent="IntroB"]
transform = Transform3D(0.995194, 0, 0.0979128, 0, 1, 0, -0.0979128, 0, 0.995194, 0, 0, 0)

[node name="AnimationPlayer" type="AnimationPlayer" parent="IntroB"]
libraries = {
"": SubResource("AnimationLibrary_jbbnl")
}
autoplay = "IntroAnim_B"
