[gd_scene load_steps=3 format=3 uid="uid://d4coe2dnmrfer"]

[ext_resource type="Script" path="res://Scripts/SlonStandoff.cs" id="1_nprel"]
[ext_resource type="PackedScene" uid="uid://h3b7s8s6rmkr" path="res://Abby/slonAnimated.gltf" id="1_yhr4d"]

[node name="SlonStandoff" type="Node3D"]
transform = Transform3D(1, 0, 0, 0, 1, 0, 0, 0, 1, -18.135, 0, 0.128)
script = ExtResource("1_nprel")

[node name="SlonA" type="Node3D" parent="."]
transform = Transform3D(-0.0348995, 0, -0.999391, 0, 1, 0, 0.999391, 0, -0.0348995, 20, 0, -5)

[node name="slonAnimated" parent="SlonA" instance=ExtResource("1_yhr4d")]

[node name="SlonB" type="Node3D" parent="."]
transform = Transform3D(-0.05793, 0, 0.998321, 0, 1, 0, -0.998321, 0, -0.05793, -20, 0, 5)

[node name="slonAnimated2" parent="SlonB" instance=ExtResource("1_yhr4d")]

[node name="SlonATarget" type="Node3D" parent="."]
transform = Transform3D(0.5, 0, -0.866025, 0, 1, 0, 0.866025, 0, 0.5, 5, 0, -5)

[node name="SlonBTarget" type="Node3D" parent="."]
transform = Transform3D(-0.5, 0, 0.866026, 0, 1, 0, -0.866026, 0, -0.5, -5, 0, 5)
